,G339D,S371L,S373P,S375F,K417N,N440K,G446S,S477N,T478K,E484A,Q493R,G496S,Q498R,N501Y,Y505H
pos1,0.0004235317089701155,8.14945620727688e-08,5.050923688359397e-06,0.002842620595129784,2.7655816951414937e-25,0.1124063937846746,2.4881866016772056e-11,0.13175369559852831,0.00019775656951192722,0.0002000956775690251,3.0606878122486634e-12,8.54427410303994e-38,9.301027013072416e-12,0.7521707736101206,1.7572587471584943e-39
pos2,0.04159212865466583,0.06246562822821962,0.020678831697887874,0.15388451560055194,5.64268592174667e-10,0.09848915549994114,5.928247265941625e-06,0.11365196577244799,0.07185909190161704,0.07597149010341618,0.027268902139800825,0.0008700196406107934,0.2155947506741771,0.11766759121660081,5.852755172460996e-11
pos3,0.04238317278429893,0.013405036928314207,0.016100156980999782,0.16997835549948104,1.2011667627549276e-06,0.08506515577780509,8.239006241444822e-06,0.13696479249668841,0.02421735582247871,0.003758991019236032,0.09885607080013191,0.004774640645624908,0.3201891818451025,0.08429764876062289,4.662110051944579e-10
pos4,0.018361440638931775,0.04465774361125572,0.05727241717748552,0.20485989402630214,1.1653656657370245e-05,0.07591654001255335,0.0001127204276669343,0.1496624660152788,0.059296421037640316,0.0512853926589507,0.041141650545631986,0.014163647357904274,0.24894985177506454,0.03430799266529091,1.6839338503398655e-07
pos5,0.016046966911560746,0.03102239474122036,0.03998196317317117,0.24302855696989914,3.896104791055618e-05,0.11416688366586844,0.0013712701847892576,0.19102367753727326,0.0661459424563322,0.07654198053549052,0.06118649948567288,0.034111311834093536,0.11552091071782553,0.009812223115985235,4.576229065694836e-07
pos6,0.009649245827895253,0.0576151015340136,0.055484869867482904,0.13433840631454275,7.645538226667785e-05,0.2052753244862493,0.0017680685212899357,0.15665455975509765,0.0680829943409809,0.130793584697266,0.056665108603433156,0.05346720896586953,0.06851733050491914,0.001610737071693648,1.0041269990018428e-06
pos7,0.016784568110122987,0.0637173207933505,0.049331268855591345,0.06219994143774514,1.0584540291466662e-05,0.16464330491094065,0.05937757368236312,0.08193786848975715,0.1487264331774292,0.19428471180696683,0.07940460897988126,0.05729285042592577,0.02216389376152817,0.00012426423729922307,8.0679080550542e-07
pos8,0.012755913886616566,0.06020847004500312,0.05717546746081879,0.021664056365093096,4.782921143305052e-06,0.08046020607477426,0.13651528445744546,0.030194518560880946,0.33922083792380786,0.08241812765126967,0.030143101946630578,0.1412442796453096,0.00798617332813965,8.706495525028981e-06,7.323754030272937e-08
pos9,0.08307583273049123,0.089372750992474,0.2376019420756172,0.00611015709990683,2.5234605731756955e-06,0.05424170027252174,0.2333870012683959,0.006031089825433511,0.12848467169198724,0.12350068230663941,0.010090343056060722,0.027145419397741097,0.0009554681561041752,5.4315780231089856e-08,3.6335027263396135e-07
pos10,0.4782470822504773,0.08925687109246716,0.010927475168493923,0.0010092441503486232,1.5596400332408456e-05,0.008709395018421722,0.10588668473206285,0.0019107346455125706,0.07650713178723077,0.12809616918713115,0.052206620005564704,0.04705931971637643,0.00012079685743951215,8.465495251968663e-09,4.687052264414974e-05
pos11,0.2583677790164842,0.02191764216301647,0.07886206955388313,6.832749669749075e-05,2.1878849373644663e-05,0.0004787269743061112,0.03185493529615662,0.0002130189335979981,0.013094532933476215,0.13286609708630556,0.25271877881765004,0.20952646537827296,1.6410457770996742e-06,4.558440279988894e-11,8.106409417541958e-06
pos12,0.022035276500466685,0.314569543887514,0.32771502200021957,1.5455094957362598e-05,0.04148700933956441,0.00014699547806811182,0.14287916391253094,1.427934830795564e-06,0.004165818821990971,0.0002753479387970787,0.14388557837634589,0.0024088170583318968,1.3141501435903076e-09,5.151505197668782e-18,0.0004145423422316861
pos13,0.00027705732295026266,0.10790315030086485,0.04873457934479648,4.6025863327920565e-07,0.0034101533890652717,2.16354833543929e-07,0.2868177451593277,1.8443165434113792e-07,1.0090828533995528e-06,7.3276713226676205e-06,0.14508306203564497,0.40776420449927936,1.0471088594447933e-11,2.841163414438048e-29,8.501383023582052e-07
pos14,3.6559886141689416e-09,0.043888258578139897,0.00012599882477491725,9.09065360771449e-09,0.9543411909200342,1.689022330227385e-09,1.5383351035549947e-05,3.0176990952054853e-12,2.4526493944594558e-09,1.6596383935340753e-09,0.0013496107542203606,0.00017102138385825864,3.7193674333002845e-21,4.4454227376330125e-42,0.00010851763696680597
pos15,7.797739748929897e-14,5.6095837102573555e-09,2.8868950884927913e-06,5.710775234660811e-14,0.0005780083617561953,1.8840962636977213e-14,1.7285454768937535e-09,1.2482212727778439e-18,1.2274955389267702e-14,1.5380927229303757e-18,6.445026931197794e-08,7.940508007550672e-07,8.811709954170581e-34,1.0115368647946375e-52,0.9994182389037903
