,G339D,S371L,S373P,S375F,K417N,N440K,G446S,S477N,T478K,E484A,Q493R,G496S,Q498R,N501Y,Y505H
pos1,0.0004236164727497956,8.151087203719034e-08,5.051934558085644e-06,0.0028431895047550558,2.7661351865390145e-25,0.11242889030759286,2.4886845764366887e-11,0.13178006420562235,0.00019779614764488254,1.0734501818622962e-10,3.0613003648908683e-12,8.545984116605064e-38,9.30288847984772e-12,0.7523213097716069,1.7576104372211982e-39
pos2,0.04417733329282121,0.06829186281152373,0.022169843094376755,0.16551694846741916,5.804974792385125e-10,0.10794423358030367,3.0898338454216563e-06,0.124434290438978,0.0779187465587976,0.001265717307466395,0.030253644714279236,0.0009652553012092497,0.23919452966730198,0.11786450428624558,6.493420023951411e-11
pos3,0.046113163912895536,0.014435988530067683,0.017262588213554506,0.18453428659606932,1.3305120764794884e-06,0.0922480404210834,0.00012358001000478992,0.14934096870436947,0.02594148020092877,0.00747614288087361,0.1071708489104027,0.005296836942465217,0.2672907226390136,0.08276402101162629,5.145684574674861e-10
pos4,0.017600326006574817,0.044328830992059455,0.05626302434307694,0.18603993460982346,1.25646777508109e-05,0.07291681813578324,2.2333510172055907e-06,0.14796044153777868,0.05986773923025636,0.053359158456920366,0.04235256603980275,0.015145015313567926,0.2679789986107621,0.03617216373597214,1.8495885309652671e-07
pos5,0.016101836978781234,0.03331335496721441,0.04083272838117542,0.2407061761302399,2.842853285687766e-05,0.11118341355933106,0.00023387001432778436,0.17715235583231237,0.0669048715537512,0.08637555489092139,0.06272910117758804,0.036817274646133304,0.11806710731902556,0.009553442185312727,4.838310282205765e-07
pos6,0.009842025487341982,0.0578525458021334,0.05750923092658033,0.13166008795856735,7.643641544452063e-05,0.18955333074522926,0.000971172860358623,0.15107632810255467,0.06836905054433919,0.1403444404315006,0.060304515857462535,0.05553570789370798,0.07567062055448996,0.0012336972033669849,8.092169223859606e-07
pos7,0.017371157798127597,0.05978096281652974,0.04935853453616943,0.060913054017338285,1.0115804374448055e-05,0.16908427304238763,0.04981606700971181,0.08113631552480988,0.1366698008240309,0.20808553998681917,0.08437560427940409,0.06089623778185887,0.022411964340012063,8.917721952295488e-05,1.1950189017544682e-06
pos8,0.013226121793560943,0.05801523035875349,0.054496631089238204,0.02088215429954691,4.601991536078387e-06,0.0813881513632097,0.12612244767688383,0.029437876548831364,0.33719805511118944,0.08888454661788218,0.032056733822435575,0.14997810505445605,0.008307730543543099,1.5395069802642228e-06,7.422195220047615e-08
pos9,0.08545486322992378,0.0920212196970798,0.2272874769384215,0.005884579569575319,2.430803924734846e-06,0.053975609277371314,0.22590945765452963,0.005663202866701869,0.1305471972416903,0.13316329706920574,0.010677887911915223,0.028459117686090492,0.0009531516528442883,1.4243581143771076e-07,3.6596491357121664e-07
pos10,0.4578952913054504,0.09143664093320353,0.010937270395443956,0.0009410433663334867,1.6316386131124295e-05,0.008649980604179975,0.10754633853818744,0.0018178425617841616,0.07874903444277678,0.13784215434007735,0.054653695276016906,0.04934825923529006,0.00012358668119225212,2.630681327835654e-09,4.254330324931639e-05
pos11,0.26876544469908603,0.020388268211089182,0.07692238851567514,6.357800326674857e-05,2.1453728280780557e-05,0.00047975916423060927,0.03295329615392057,0.00019881468357544143,0.013489613560593656,0.14289622425850484,0.23401048369369185,0.20980157203711883,1.5871212168455632e-06,1.2871476825758738e-11,7.5161568775023035e-06
pos12,0.022747056051051054,0.3048190270480449,0.33725654439635283,1.45290702611373e-05,0.038633391388797844,0.00014732017414481393,0.1513683888657362,1.3250241133750428e-06,0.004145810029292073,0.000299454249947029,0.1378553247244667,0.0023094005134186397,8.517780789152142e-10,1.389318809197036e-18,0.0004024276125947794
pos13,0.0002817597941317356,0.11415037203147857,0.049572298490775296,4.3143939969077585e-07,0.0035259336271174463,1.782905126553754e-07,0.30493396650955634,1.73966440649265e-07,8.025795665658295e-07,7.767632714955412e-06,0.14223891721275064,0.38528654311603927,9.517355401213527e-12,4.1421710015902884e-30,8.552999984796548e-07
pos14,3.1774287878853455e-09,0.04116560906854417,0.0001235611929963196,6.967350845176799e-09,0.9571053449715399,1.334622975099019e-09,1.6089655820776135e-05,2.1270846324133935e-12,1.9751305075268726e-09,1.7698203190553876e-09,0.0013206140647622927,0.0001599338671501873,4.452111941787515e-21,2.4782419056995442e-42,0.00010883195270517625
pos15,7.352623313629812e-14,5.2214051311078195e-09,2.827551604606787e-06,5.271572500874904e-14,0.0005616505796708574,1.6037817198624304e-14,1.8412121592768853e-09,7.396827941552091e-19,1.1006231183820384e-14,1.6184820156853744e-18,6.231195962917335e-08,7.406114934688638e-07,1.8420109552554146e-33,2.213546699434019e-55,0.9994347118824993
